14459872
14459878
14517614
14517640
14517641
14517647
14517649
14517650
14573552
14573553
14573565
14602875
14603295
14603296
14603300
14603310
14603311
14627616
14627619
14627620
14627622
14663429
14663432
14663434
14663435
14663436
14663437
14683147
14683508
14683511
14683512
14683513
14711233
14711239
14711240
14711242
14741449
14741453
14741454
14768760
14768766
14801155
14801633
14801634
14801637
14801640
14823136
14823137
14823138
14823139
14459960
14459961
14459966
14517768
14517769
14573663
14573664
14573668
14573669
14603462
14603464
14627740
14627741
14627743
14662911
14663604
14663607
14663619
14663620
14663621
14683607
14683608
14683609
14683611
14683619
14683622
14711345
14711347
14741566
14741569
14768866
14768879
14768882
14768887
14768889
14768891
14801151
14801792
14801793
14801795
14801796
14801799
14801800
14801805
14823255
14823261
14823266
14823267
14823270
14823271
